hokkaidou sapporo 北海道 札幌 83520 5654 -0.2 672 1053 708 104 5 804 258
aomori aomori 青森 青森 9619 1536 -0.5 386 795 402 39 62 25 52
iwate morioka 岩手 盛岡 15277 1435 -0.4 379 2086 410 28 11 74 149
miyagi sendai 宮城 仙台 7292 2196 0.7 319 815 528 27 3 45 109
akita akita 秋田 秋田 11613 1250 -0.5 222 248 637 26 11 12 51
yamagata yamagata 山形 山形 9327 1262 -0.1 206 183 514 26 41 23 62
fukushima fukushima 福島 福島 13784 2098 0.2 418 715 493 56 28 37 100
ibaraki mito 茨城 水戸 6094 2791 0.9 786 1054 455 114 13 50 54
tochigi utsunomiya 栃木 宇都宮 6414 1903 0.7 337 558 381 57 9 65 103
gunma maebashi 群馬 前橋 6356 1945 0.4 674 699 116 74 5 73 79
saitama urawa 埼玉 浦和 3799 6078 2.0 285 727 217 85 7 40 26
chiba chiba 千葉 千葉 5151 5327 1.7 571 1174 351 153 11 87 45
tokyo tokyo 東京 東京 2166 11680 -0.1 25 33 2 19 1 7 4
kanagawa yokohama 神奈川 横浜 2403 7677 1.6 155 257 21 35 6 32 7
niigata niigata 新潟 新潟 12579 2478 0.0 304 641 770 33 9 18 27
toyama toyama 富山 富山 4252 1126 0.1 66 267 267 6 2 6 8
ishikawa kanazawa 石川 金沢 4198 1153 0.2 82 312 173 12 3 8 5
fukui fukui 福井 福井 4192 818 0.2 12 160 172 8 1 4 6
yamanashi koufu 山梨 甲府 4463 844 0.3 61 259 38 14 53 7 12
nagano nagano 長野 長野 13585 2148 0.2 221 294 293 71 62 48 60
gifu gifu 岐阜 岐阜 10596 2045 0.4 142 897 161 30 7 20 39
shizuoka shizuoka 静岡 静岡 7773 3632 0.6 307 1006 115 78 25 33 39
aichi nagoya 愛知 名古屋 5139 6500 0.7 519 1288 197 105 17 52 59
mie tsu 三重 津 5778 1772 0.5 169 701 203 20 8 14 29
shiga ootsu 滋賀 大津 4016 1180 1.1 19 125 211 9 1 9 20
kyoto kyoto 京都 京都 4613 2541 -1.6 40 214 104 18 2 9 9
osaka osaka 大阪 大阪 1869 8559 0.3 38 93 39 22 8 7 6
hyogo kobe 兵庫 神戸 8381 5301 0.5 70 1394 241 42 5 50 61
nara nara 奈良 奈良 3692 1338 1.2 16 153 63 18 5 7 4
wakayama wakayama 和歌山 和歌山 4725 1090 -0.3 21 406 50 21 55 2 9
tottori tottori 鳥取 鳥取 3494 620 -0.0 120 406 88 15 18 13 27
shimane matsue 島根 松江 6629 792 -0.1 61 222 137 10 5 15 44
okayama okayama 岡山 岡山 7092 1929 0.2 66 932 208 25 15 42 38
hiroshima hiroshima 広島 広島 8467 2825 0.2 96 782 179 18 16 18 39
yamaguchi yamaguchi 山口 山口 6107 1583 -0.3 45 591 160 16 8 9 23
tokushima tokushima 徳島 徳島 4146 843 -0.1 102 905 74 34 16 21 35
kagawa takamatsu 香川 高松 1883 1028 0.1 87 771 100 21 9 15 31
ehime matsuyama 愛媛 松山 5672 1536 -0.2 339 606 102 23 55 15 30
kouchi kouchi 高知 高知 7107 844 -0.3 95 163 74 63 10 7 11
fukuoka fukuoka 福岡 福岡 4963 4724 0.3 126 997 254 45 30 30 31
saga saga 佐賀 佐賀 2440 884 0.1 95 558 172 24 21 12 45
nagasaki nagasaki 長崎 長崎 4113 1585 -0.3 283 492 71 19 24 17 81
kumamoto kumamoto 熊本 熊本 7408 1848 0.1 318 769 256 66 37 58 137
oita oita 大分 大分 6338 1250 -0.2 176 611 143 22 19 18 71
miyazaki miyazaki 宮崎 宮崎 7735 1186 0.0 672 3267 123 57 9 28 212
kagoshima kagoshima 鹿児島 鹿児島 9167 1817 -0.0 1204 3644 152 42 14 23 269
okinawa naha 沖縄 那覇 2255 1223 0.9 320 210 3 22 3 8 38
